5 0.31039186507936506 0.2748015873015873 0.6207837301587301 0.5456349206349206
5 0.7332589285714286 0.37103174603174605 0.17683531746031747 0.29894179894179895
5 0.27492559523809523 0.2099867724867725 0.15997023809523808 0.20899470899470898
5 0.4350198412698413 0.19675925925925927 0.14186507936507936 0.19642857142857142
2 0.36594742063492064 0.7418981481481481 0.28149801587301587 0.37996031746031744
3 0.23524305555555555 0.7862103174603174 0.15104166666666666 0.4262566137566138
3 0.9203869047619048 0.572255291005291 0.15873015873015872 0.683531746031746
3 0.5579117063492064 0.5003306878306878 0.25669642857142855 0.23875661375661375
3 0.5662202380952381 0.687334656084656 0.25793650793650796 0.18022486772486773
5 0.8191964285714286 0.8776455026455027 0.1488095238095238 0.2447089947089947
5 0.6630704365079365 0.8468915343915344 0.17881944444444445 0.3062169312169312
