5 0.3648313492063492 0.2400793650793651 0.7098214285714286 0.47619047619047616
5 0.7798859126984127 0.5049603174603174 0.1644345238095238 0.23875661375661375
5 0.5905257936507936 0.863260582010582 0.1488095238095238 0.2728174603174603
5 0.7032490079365079 0.9007936507936508 0.17336309523809523 0.19775132275132276
5 0.5358382936507936 0.34970238095238093 0.09350198412698413 0.1636904761904762
2 0.38839285714285715 0.6655092592592593 0.24702380952380953 0.3468915343915344
3 0.8855406746031746 0.7433862433862434 0.22891865079365079 0.5119047619047619
3 0.20238095238095238 0.8096891534391535 0.125 0.37665343915343913
3 0.060515873015873016 0.5853174603174603 0.1195436507936508 0.2824074074074074
3 0.595734126984127 0.5373677248677249 0.27628968253968256 0.12632275132275134
