7 0.6645585317460317 0.5132275132275133 0.4635416666666667 0.6911375661375662
5 0.2805059523809524 0.3748346560846561 0.1259920634920635 0.21329365079365079
5 0.3628472222222222 0.5401785714285714 0.10119047619047619 0.1498015873015873
5 0.7275545634920635 0.04298941798941799 0.1158234126984127 0.08531746031746032
3 0.7659970238095238 0.5844907407407407 0.2353670634920635 0.22056878306878308
3 0.32837301587301587 0.6655092592592593 0.42063492063492064 0.24173280423280424
3 0.41220238095238093 0.4732142857142857 0.17807539682539683 0.41335978835978837
1 0.18588789682539683 0.6369047619047619 0.3648313492063492 0.7228835978835979
6 0.5026041666666666 0.2814153439153439 0.9918154761904762 0.1593915343915344
4 0.45300099206349204 0.2708333333333333 0.20064484126984128 0.21891534391534392
