7 0.35342261904761907 0.7071759259259259 0.341765873015873 0.5413359788359788
1 0.25669642857142855 0.2347883597883598 0.35615079365079366 0.3816137566137566
2 0.07155257936507936 0.31382275132275134 0.1341765873015873 0.16997354497354497
2 0.09337797619047619 0.5188492063492064 0.18675595238095238 0.2824074074074074
2 0.7679811507936508 0.38310185185185186 0.2353670634920635 0.24173280423280424
4 0.5161210317460317 0.11607142857142858 0.12400793650793651 0.167989417989418
4 0.511780753968254 0.26884920634920634 0.15104166666666666 0.18783068783068782
4 0.3865327380952381 0.3146494708994709 0.09449404761904762 0.16236772486772486
5 0.5970982142857143 0.8978174603174603 0.1416170634920635 0.17724867724867724
5 0.23053075396825398 0.8829365079365079 0.109375 0.17394179894179895
5 0.5720486111111112 0.628968253968254 0.0954861111111111 0.14682539682539683
5 0.4993799603174603 0.4333664021164021 0.09895833333333333 0.12334656084656084
3 0.5853174603174603 0.503968253968254 0.31646825396825395 0.1474867724867725
3 0.49429563492063494 0.6135912698412699 0.07341269841269842 0.390542328042328
3 0.6886160714285714 0.7556216931216931 0.19618055555555555 0.41335978835978837
3 0.8012152777777778 0.6792328042328042 0.15550595238095238 0.2777777777777778
3 0.16257440476190477 0.6661706349206349 0.17683531746031747 0.36673280423280424
6 0.5363343253968254 0.37334656084656087 0.9040178571428571 0.6011904761904762
