3 0.16381448412698413 0.5560515873015873 0.1545138888888889 0.4375
3 0.42150297619047616 0.6003637566137566 0.3335813492063492 0.1498015873015873
4 0.7027529761904762 0.5441468253968254 0.14310515873015872 0.16964285714285715
4 0.8392857142857143 0.3707010582010582 0.16815476190476192 0.17857142857142858
4 0.4056299603174603 0.25297619047619047 0.15749007936507936 0.18055555555555555
4 0.7433035714285714 0.17708333333333334 0.14732142857142858 0.1908068783068783
2 0.2924107142857143 0.7853835978835979 0.2058531746031746 0.24933862433862433
2 0.6977926587301587 0.7587632275132276 0.203125 0.24503968253968253
2 0.3287450396825397 0.46130952380952384 0.234375 0.24801587301587302
2 0.6227678571428571 0.3912037037037037 0.23759920634920634 0.24933862433862433
6 0.45188492063492064 0.4895833333333333 0.3943452380952381 0.9454365079365079
