4 0.6796875 0.685681216931217 0.16691468253968253 0.21329365079365079
2 0.8092757936507936 0.35367063492063494 0.18898809523809523 0.22255291005291006
5 0.7211061507936508 0.053736772486772486 0.09449404761904762 0.10085978835978836
5 0.3665674603174603 0.2604166666666667 0.6254960317460317 0.5109126984126984
5 0.6276041666666666 0.5357142857142857 0.12822420634920634 0.14682539682539683
5 0.45622519841269843 0.7943121693121693 0.11036706349206349 0.2791005291005291
5 0.271453373015873 0.6631944444444444 0.16691468253968253 0.1531084656084656
3 0.39050099206349204 0.5464616402116402 0.359375 0.15046296296296297
3 0.7369791666666666 0.7886904761904762 0.2591765873015873 0.41335978835978837
3 0.3332093253968254 0.2328042328042328 0.09895833333333333 0.4583333333333333
