7 0.4398561507936508 0.7228835978835979 0.26264880952380953 0.5152116402116402
1 0.3410218253968254 0.23346560846560846 0.29216269841269843 0.36044973544973546
2 0.8598710317460317 0.3781415343915344 0.24801587301587302 0.2628968253968254
2 0.1619543650793651 0.5654761904761905 0.18898809523809523 0.3002645502645503
2 0.13864087301587302 0.3414351851851852 0.15575396825396826 0.17427248677248677
4 0.574280753968254 0.11623677248677249 0.12723214285714285 0.16236772486772486
4 0.4601934523809524 0.30671296296296297 0.09350198412698413 0.11871693121693122
4 0.5780009920634921 0.2718253968253968 0.13516865079365079 0.16666666666666666
5 0.7250744047619048 0.8882275132275133 0.14756944444444445 0.17592592592592593
5 0.33816964285714285 0.9075727513227513 0.09895833333333333 0.16104497354497355
5 0.6734871031746031 0.6162367724867724 0.09995039682539683 0.15178571428571427
3 0.5999503968253969 0.6263227513227513 0.0798611111111111 0.41335978835978837
3 0.1765873015873016 0.04794973544973545 0.19345238095238096 0.09457671957671958
3 0.6989087301587301 0.5069444444444444 0.2996031746031746 0.11441798941798942
3 0.8060515873015873 0.7405753968253969 0.1984126984126984 0.41898148148148145
3 0.9017857142857143 0.6349206349206349 0.16468253968253968 0.30952380952380953
3 0.7738095238095238 0.31812169312169314 0.18799603174603174 0.13690476190476192
3 0.49181547619047616 0.3998015873015873 0.23313492063492064 0.07341269841269842
3 0.24838789682539683 0.6858465608465608 0.14756944444444445 0.38492063492063494
6 0.4774305555555556 0.3239087301587302 0.9141865079365079 0.5651455026455027
