2 0.31138392857142855 0.4799933862433862 0.24677579365079366 0.24305555555555555
2 0.2591765873015873 0.8310185185185185 0.1984126984126984 0.26851851851851855
2 0.6243799603174603 0.4156746031746032 0.23883928571428573 0.2916666666666667
2 0.6846478174603174 0.8020833333333334 0.2130456349206349 0.23578042328042328
4 0.40835813492063494 0.24917328042328044 0.1545138888888889 0.2027116402116402
4 0.7635168650793651 0.17179232804232805 0.16790674603174602 0.2046957671957672
4 0.8487103174603174 0.4031084656084656 0.1691468253968254 0.18584656084656084
4 0.7016369047619048 0.5810185185185185 0.14732142857142858 0.17724867724867724
3 0.1433531746031746 0.5401785714285714 0.15625 0.43882275132275134
3 0.41530257936507936 0.6233465608465608 0.37524801587301587 0.1402116402116402
3 0.5132688492063492 0.3133267195767196 0.17237103174603174 0.30654761904761907
6 0.44580853174603174 0.15459656084656084 0.824156746031746 0.2748015873015873
