2 0.2777777777777778 0.8323412698412699 0.20386904761904762 0.2691798941798942
2 0.7163938492063492 0.7789351851851852 0.21750992063492064 0.23445767195767195
2 0.30481150793650796 0.4748677248677249 0.2534722222222222 0.31084656084656087
2 0.574280753968254 0.3531746031746032 0.2333829365079365 0.2691798941798942
4 0.3446180555555556 0.16286375661375663 0.17137896825396826 0.2013888888888889
4 0.7511160714285714 0.15211640211640212 0.18377976190476192 0.207010582010582
4 0.8479662698412699 0.3723544973544973 0.17212301587301587 0.18783068783068782
4 0.7027529761904762 0.5342261904761905 0.140625 0.17427248677248677
3 0.40773809523809523 0.6150793650793651 0.37202380952380953 0.14682539682539683
3 0.4827628968253968 0.24636243386243387 0.26264880952380953 0.18783068783068782
3 0.14694940476190477 0.5492724867724867 0.13864087301587302 0.4444444444444444
