5 0.3257688492063492 0.29828042328042326 0.5771329365079365 0.44775132275132273
5 0.2275545634920635 0.6775793650793651 0.1416170634920635 0.1488095238095238
5 0.40835813492063494 0.8058862433862434 0.10491071428571429 0.21031746031746032
5 0.6603422619047619 0.09738756613756613 0.08804563492063493 0.11276455026455026
3 0.6630704365079365 0.7926587301587301 0.23983134920634921 0.3816137566137566
3 0.3490823412698413 0.5611772486772487 0.34945436507936506 0.12632275132275134
3 0.29737103174603174 0.2604166666666667 0.10813492063492064 0.4718915343915344
2 0.3159722222222222 0.03571428571428571 0.18601190476190477 0.07142857142857142
2 0.7320188492063492 0.3844246031746032 0.17435515873015872 0.20601851851851852
4 0.6091269841269841 0.6898148148148148 0.17212301587301587 0.20899470899470898
4 0.056919642857142856 0.0291005291005291 0.11334325396825397 0.057539682539682536
6 0.515625 0.5329034391534392 0.9389880952380952 0.7886904761904762
