5 0.4670138888888889 0.7400793650793651 0.11359126984126984 0.17394179894179895
5 0.4732142857142857 0.9083994708994709 0.10168650793650794 0.15608465608465608
5 0.3002232142857143 0.7337962962962963 0.11830357142857142 0.1349206349206349
5 0.41121031746031744 0.37996031746031744 0.5704365079365079 0.43452380952380953
2 0.8137400793650794 0.47867063492063494 0.17559523809523808 0.20403439153439154
2 0.4134424603174603 0.08349867724867725 0.18253968253968253 0.15046296296296297
4 0.6879960317460317 0.7789351851851852 0.16815476190476192 0.21329365079365079
4 0.16951884920634921 0.0744047619047619 0.12921626984126985 0.14417989417989419
3 0.4165426587301587 0.7040343915343915 0.15004960317460317 0.30357142857142855
3 0.43725198412698413 0.6183862433862434 0.31994047619047616 0.07804232804232804
3 0.7549603174603174 0.8511904761904762 0.2251984126984127 0.296957671957672
3 0.39521329365079366 0.3349867724867725 0.07862103174603174 0.4252645502645503
6 0.5634920634920635 0.6198743386243386 0.8725198412698413 0.5949074074074074
3 0.04712301587301587 0.08531746031746032 0.09424603174603174 0.16666666666666666
