1 0.2849702380952381 0.7296626984126984 0.5590277777777778 0.5406746031746031
7 0.6603422619047619 0.44775132275132273 0.6356646825396826 0.7109788359788359
2 0.3141121031746032 0.5309193121693122 0.17137896825396826 0.24371693121693122
5 0.46986607142857145 0.5046296296296297 0.15104166666666666 0.20899470899470898
5 0.9094742063492064 0.7612433862433863 0.10615079365079365 0.11375661375661375
3 0.6597222222222222 0.8763227513227513 0.32589285714285715 0.2447089947089947
3 0.7281746031746031 0.2959656084656085 0.17559523809523808 0.18783068783068782
3 0.04985119047619048 0.17774470899470898 0.09970238095238096 0.144510582010582
4 0.707093253968254 0.19163359788359788 0.1498015873015873 0.19212962962962962
4 0.14310515873015872 0.08002645502645503 0.1463293650793651 0.1593915343915344
