3 0.37189980158730157 0.6150793650793651 0.3787202380952381 0.15608465608465608
3 0.859375 0.7299933862433863 0.08680555555555555 0.5003306878306878
3 0.27294146825396826 0.3148148148148148 0.23983134920634921 0.2705026455026455
2 0.24032738095238096 0.8377976190476191 0.20386904761904762 0.2761243386243386
2 0.6891121031746031 0.7581018518518519 0.2105654761904762 0.23115079365079366
2 0.517609126984127 0.1109457671957672 0.2058531746031746 0.20601851851851852
4 0.7056051587301587 0.13955026455026456 0.1463293650793651 0.17857142857142858
4 0.7168898809523809 0.3272156084656085 0.17336309523809523 0.21197089947089948
4 0.6667906746031746 0.5132275132275133 0.13864087301587302 0.167989417989418
4 0.07651289682539683 0.6188822751322751 0.15302579365079366 0.2027116402116402
2 0.3929811507936508 0.4031084656084656 0.234375 0.2791005291005291
