2 0.39372519841269843 0.40145502645502645 0.2309027777777778 0.2612433862433862
2 0.23524305555555555 0.8257275132275133 0.20510912698412698 0.2671957671957672
2 0.6814236111111112 0.746031746031746 0.20610119047619047 0.22817460317460317
2 0.5143849206349206 0.11160714285714286 0.19940476190476192 0.2166005291005291
4 0.6579861111111112 0.5087632275132276 0.14384920634920634 0.17096560846560846
4 0.7063492063492064 0.32705026455026454 0.17559523809523808 0.2175925925925926
4 0.7000248015873016 0.14401455026455026 0.16691468253968253 0.1908068783068783
4 0.0757688492063492 0.6083002645502645 0.15004960317460317 0.2027116402116402
3 0.37462797619047616 0.611441798941799 0.3529265873015873 0.1335978835978836
3 0.8479662698412699 0.7286706349206349 0.08432539682539683 0.49173280423280424
3 0.2720734126984127 0.3106812169312169 0.23115079365079366 0.2569444444444444
