2 0.23499503968253968 0.828207671957672 0.20610119047619047 0.2662037037037037
2 0.6803075396825397 0.7438822751322751 0.20833333333333334 0.24173280423280424
2 0.3943452380952381 0.40128968253968256 0.22767857142857142 0.2628968253968254
2 0.5111607142857143 0.113260582010582 0.20386904761904762 0.22255291005291006
4 0.6625744047619048 0.5119047619047619 0.1396329365079365 0.16534391534391535
4 0.7105654761904762 0.32953042328042326 0.16567460317460317 0.20403439153439154
4 0.6965525793650794 0.1488095238095238 0.14608134920634921 0.15806878306878308
4 0.07514880952380952 0.6079695767195767 0.1488095238095238 0.2013888888888889
3 0.38132440476190477 0.6218584656084656 0.359375 0.17294973544973544
3 0.8441220238095238 0.7228835978835979 0.09895833333333333 0.4973544973544973
3 0.27021329365079366 0.30853174603174605 0.234375 0.2705026455026455
