2 0.23549107142857142 0.833994708994709 0.20709325396825398 0.2777777777777778
2 0.6796875 0.7470238095238095 0.2095734126984127 0.24801587301587302
2 0.40128968253968256 0.40261243386243384 0.22767857142857142 0.2628968253968254
2 0.5111607142857143 0.113260582010582 0.20386904761904762 0.22255291005291006
4 0.6685267857142857 0.5162037037037037 0.1396329365079365 0.16534391534391535
4 0.7152777777777778 0.32953042328042326 0.16567460317460317 0.20403439153439154
4 0.7054811507936508 0.13723544973544974 0.1644345238095238 0.18055555555555555
4 0.07477678571428571 0.615244708994709 0.14955357142857142 0.2166005291005291
3 0.38132440476190477 0.6218584656084656 0.359375 0.17294973544973544
3 0.855530753968254 0.7286706349206349 0.10838293650793651 0.5003306878306878
3 0.27021329365079366 0.30853174603174605 0.234375 0.2705026455026455
