2 0.3148561507936508 0.48148148148148145 0.24677579365079366 0.23743386243386244
2 0.6206597222222222 0.416005291005291 0.24231150793650794 0.29034391534391535
2 0.259796626984127 0.8323412698412699 0.1996527777777778 0.25992063492063494
2 0.673859126984127 0.8025793650793651 0.20287698412698413 0.23875661375661375
4 0.40773809523809523 0.24818121693121692 0.15773809523809523 0.2099867724867725
4 0.7619047619047619 0.17080026455026456 0.15773809523809523 0.2027116402116402
4 0.8497023809523809 0.3998015873015873 0.1691468253968254 0.19113756613756613
4 0.7023809523809523 0.5785383597883598 0.13988095238095238 0.1722883597883598
3 0.14620535714285715 0.5348875661375662 0.12822420634920634 0.42824074074074076
3 0.5145089285714286 0.3133267195767196 0.17435515873015872 0.3125
3 0.40438988095238093 0.6241732804232805 0.3539186507936508 0.1412037037037037
6 0.44382440476190477 0.16517857142857142 0.8182043650793651 0.2959656084656085
