2 0.6948164682539683 0.7549603174603174 0.2130456349206349 0.22817460317460317
2 0.2906746031746032 0.7943121693121693 0.19146825396825398 0.24603174603174602
2 0.3289930555555556 0.47371031746031744 0.23883928571428573 0.23115079365079366
2 0.6227678571428571 0.3958333333333333 0.22172619047619047 0.2585978835978836
4 0.41418650793650796 0.2541335978835979 0.14732142857142858 0.1908068783068783
4 0.7424355158730159 0.17625661375661375 0.13864087301587302 0.1865079365079365
4 0.8365575396825397 0.37367724867724866 0.15327380952380953 0.18452380952380953
4 0.7048611111111112 0.5431547619047619 0.12301587301587301 0.16236772486772486
3 0.42683531746031744 0.6008597883597884 0.3447420634920635 0.12764550264550265
3 0.15873015873015872 0.5464616402116402 0.14434523809523808 0.4209656084656085
6 0.44742063492063494 0.48826058201058203 0.41220238095238093 0.9513888888888888
