2 0.29675099206349204 0.4699074074074074 0.2130456349206349 0.2294973544973545
2 0.535218253968254 0.3844246031746032 0.18501984126984128 0.2662037037037037
2 0.5668402777777778 0.6987433862433863 0.16691468253968253 0.2294973544973545
2 0.21750992063492064 0.7564484126984127 0.18700396825396826 0.2523148148148148
4 0.3054315476190476 0.259755291005291 0.17137896825396826 0.19411375661375663
4 0.6277281746031746 0.16137566137566137 0.1488095238095238 0.18584656084656084
4 0.7437996031746031 0.3376322751322751 0.1463293650793651 0.16666666666666666
4 0.6510416666666666 0.5171957671957672 0.12301587301587301 0.1455026455026455
3 0.4226190476190476 0.572255291005291 0.08085317460317461 0.47585978835978837
3 0.33444940476190477 0.5882936507936508 0.28149801587301587 0.1349206349206349
3 0.07304067460317461 0.5838293650793651 0.12822420634920634 0.4718915343915344
6 0.6106150793650794 0.5132275132275133 0.7053571428571429 0.9285714285714286
