5 0.326140873015873 0.27728174603174605 0.6031746031746031 0.4990079365079365
5 0.7220982142857143 0.047784391534391533 0.09350198412698413 0.0882936507936508
5 0.2734375 0.6650132275132276 0.1545138888888889 0.1593915343915344
5 0.4558531746031746 0.7958002645502645 0.12053571428571429 0.2523148148148148
5 0.6187996031746031 0.5373677248677249 0.14186507936507936 0.14417989417989419
2 0.8127480158730159 0.35615079365079366 0.19146825396825398 0.21825396825396826
3 0.39880952380952384 0.5391865079365079 0.35168650793650796 0.1412037037037037
3 0.7348710317460317 0.796957671957672 0.26785714285714285 0.4027777777777778
4 0.6804315476190477 0.6866732804232805 0.16790674603174602 0.21197089947089948
3 0.33978174603174605 0.23644179894179895 0.1001984126984127 0.45701058201058203
