5 0.3333333333333333 0.31613756613756616 0.5749007936507936 0.48412698412698413
5 0.6577380952380952 0.09986772486772487 0.08432539682539683 0.11706349206349206
5 0.22891865079365079 0.683531746031746 0.1488095238095238 0.1335978835978836
5 0.40662202380952384 0.8153108465608465 0.09449404761904762 0.2013888888888889
4 0.6145833333333334 0.6921296296296297 0.15625 0.1984126984126984
2 0.730530753968254 0.37880291005291006 0.17137896825396826 0.21197089947089948
3 0.6705109126984127 0.7896825396825397 0.2279265873015873 0.3697089947089947
3 0.3577628968253968 0.5611772486772487 0.37723214285714285 0.11706349206349206
3 0.29191468253968256 0.24983465608465608 0.10119047619047619 0.43882275132275134
2 0.31708829365079366 0.03009259259259259 0.18129960317460317 0.05952380952380952
6 0.5127728174603174 0.5147156084656085 0.9263392857142857 0.736441798941799
