5 0.39831349206349204 0.37202380952380953 0.5803571428571429 0.42063492063492064
5 0.47681051587301587 0.7485119047619048 0.10838293650793651 0.1908068783068783
5 0.47371031746031744 0.9039351851851852 0.09771825396825397 0.17427248677248677
5 0.30183531746031744 0.7286706349206349 0.1195436507936508 0.1550925925925926
4 0.6875 0.7800925925925926 0.1597222222222222 0.2056878306878307
4 0.16790674603174602 0.074239417989418 0.13293650793650794 0.1412037037037037
2 0.8133680555555556 0.47337962962962965 0.17881944444444445 0.19940476190476192
2 0.4134424603174603 0.07705026455026455 0.18501984126984128 0.14417989417989419
3 0.3948412698412698 0.33581349206349204 0.11359126984126984 0.4117063492063492
3 0.047619047619047616 0.08664021164021164 0.09523809523809523 0.16335978835978837
3 0.7523561507936508 0.8526785714285714 0.23983134920634921 0.29398148148148145
3 0.4286954365079365 0.6173941798941799 0.3395337301587302 0.10648148148148148
3 0.41865079365079366 0.7152777777777778 0.17212301587301587 0.3287037037037037
6 0.5612599206349206 0.6188822751322751 0.876984126984127 0.5902777777777778
