5 0.7725694444444444 0.5132275132275133 0.125 0.1865079365079365
5 0.5894097222222222 0.8695436507936508 0.12624007936507936 0.25562169312169314
5 0.7208581349206349 0.9194775132275133 0.13169642857142858 0.16038359788359788
5 0.369171626984127 0.25165343915343913 0.7021329365079365 0.4748677248677249
3 0.8802083333333334 0.7371031746031746 0.22767857142857142 0.43584656084656087
3 0.5988343253968254 0.5510912698412699 0.2353670634920635 0.1001984126984127
3 0.203125 0.8174603174603174 0.125 0.36177248677248675
3 0.05803571428571429 0.5828373015873016 0.11557539682539683 0.30456349206349204
3 0.49367559523809523 0.7352843915343915 0.3177083333333333 0.13525132275132276
2 0.38777281746031744 0.6612103174603174 0.234375 0.2867063492063492
6 0.29637896825396826 0.48826058201058203 0.5927579365079365 0.9666005291005291
