7 0.6357886904761905 0.5530753968253969 0.38764880952380953 0.6233465608465608
3 0.32514880952380953 0.6550925925925926 0.4181547619047619 0.24801587301587302
3 0.4192708333333333 0.4708994708994709 0.16691468253968253 0.4060846560846561
3 0.7690972222222222 0.5775462962962963 0.23115079365079366 0.22255291005291006
1 0.1943204365079365 0.6243386243386243 0.3712797619047619 0.7513227513227513
4 0.45126488095238093 0.26703042328042326 0.1902281746031746 0.2027116402116402
5 0.3621031746031746 0.5357142857142857 0.09126984126984126 0.1527777777777778
5 0.2750496031746032 0.3774801587301587 0.12400793650793651 0.19212962962962962
5 0.730406746031746 0.043816137566137565 0.1195436507936508 0.08101851851851852
6 0.5026041666666666 0.2838955026455027 0.9942956349206349 0.16038359788359788
