7 0.41716269841269843 0.6626984126984127 0.2638888888888889 0.5482804232804233
5 0.7021329365079365 0.8391203703703703 0.14186507936507936 0.18353174603174602
5 0.32341269841269843 0.8713624338624338 0.11011904761904762 0.17857142857142858
5 0.5264136904761905 0.38740079365079366 0.1440972222222222 0.13392857142857142
5 0.654265873015873 0.580191798941799 0.11359126984126984 0.16964285714285715
4 0.5440228174603174 0.06382275132275132 0.13864087301587302 0.12632275132275134
4 0.5368303571428571 0.21279761904761904 0.14756944444444445 0.16236772486772486
4 0.4849950396825397 0.3253968253968254 0.10491071428571429 0.14417989417989419
3 0.2191220238095238 0.6878306878306878 0.12723214285714285 0.3306878306878307
3 0.5787450396825397 0.5719246031746031 0.0662202380952381 0.396494708994709
3 0.7718253968253969 0.6830357142857143 0.20734126984126985 0.4083994708994709
3 0.8344494047619048 0.5912698412698413 0.13169642857142858 0.30952380952380953
3 0.7027529761904762 0.453042328042328 0.2690972222222222 0.11706349206349206
3 0.7359871031746031 0.24917328042328044 0.19370039682539683 0.11276455026455026
2 0.8391617063492064 0.2984457671957672 0.2378472222222222 0.25562169312169314
2 0.12425595238095238 0.5122354497354498 0.1974206349206349 0.32341269841269843
2 0.08072916666666667 0.3136574074074074 0.15997023809523808 0.19345238095238096
1 0.27306547619047616 0.19675925925925927 0.2941468253968254 0.3862433862433862
6 0.7140376984126984 0.4070767195767196 0.5530753968253969 0.26322751322751325
