7 0.44146825396825395 0.7040343915343915 0.25 0.5291005291005291
5 0.7213541666666666 0.8869047619047619 0.1619543650793651 0.17592592592592593
5 0.6677827380952381 0.6266534391534392 0.09796626984126984 0.16335978835978837
5 0.33271329365079366 0.9039351851851852 0.09995039682539683 0.17427248677248677
5 0.5868055555555556 0.4070767195767196 0.09126984126984126 0.09788359788359788
2 0.8606150793650794 0.37037037037037035 0.23759920634920634 0.24603174603174602
2 0.16666666666666666 0.5590277777777778 0.20734126984126985 0.2959656084656085
2 0.1375248015873016 0.3402777777777778 0.1396329365079365 0.16534391534391535
4 0.5719246031746031 0.11706349206349206 0.125 0.16666666666666666
4 0.581969246031746 0.26884920634920634 0.15004960317460317 0.16335978835978837
4 0.4626736111111111 0.31216931216931215 0.08903769841269842 0.11574074074074074
3 0.4975198412698413 0.40492724867724866 0.22172619047619047 0.07771164021164022
3 0.24231150793650794 0.6906415343915344 0.15327380952380953 0.390542328042328
3 0.5949900793650794 0.6175595238095238 0.05654761904761905 0.4103835978835979
3 0.8041914682539683 0.7430555555555556 0.2130456349206349 0.4113756613756614
3 0.9051339285714286 0.6344246031746031 0.1619543650793651 0.28406084656084657
3 0.7010168650793651 0.49603174603174605 0.3152281746031746 0.08267195767195767
3 0.7719494047619048 0.3073743386243386 0.18725198412698413 0.13194444444444445
3 0.15860615079365079 0.05357142857142857 0.2279265873015873 0.10714285714285714
1 0.3421378968253968 0.22288359788359788 0.29637896825396826 0.3273809523809524
6 0.47470238095238093 0.32242063492063494 0.9072420634920635 0.5383597883597884
